=== Bed Util (national, shiga) ===
National: [69.5, 81.0, 6.4, 25.0, 84.9, 60.9]
Shiga: [67.8, 78.1, 2.9, 17.5, 85.4, 60.9]

=== Avg Stay (national, shiga) ===
National: [24.1, 238.9, 8.8, 54.0, 106.3, 14.7]
Shiga: [21.0, 205.6, 12.3, 97.3, 141.6, 14.0]

=== Inpatients (national, shiga) ===
National: [1128261.0, 253557.0, 186.0, 847.0, 225306.0, 648365.0]
Shiga: [10413.0, 1728.0, 1.0, 9.0, 2056.0, 6619.0]

=== Outpatients (national, shiga) ===
National: [1222669.0, 58078.0, 1164591.0]
Shiga: [12761.0, 399.0, 12362.0]

=== JS DATA ===
var RAW_BU=[[69.5, 81.0, 6.4, 25.0, 84.9, 60.9], [70.1, 83.4, 3.1, 18.2, 84.9, 60.2], [70.4, 81.7, null, 36.8, 86.8, 61.3], [68.3, 77.4, null, 5.5, 81.1, 62.8], [66.5, 78.1, 13.8, 7.1, 85.0, 58.1], [70.5, 83.2, 5.6, 26.7, 84.8, 61.2], [69.2, 84.8, 10.0, null, 87.1, 58.3], [60.5, 66.4, 2.9, 20.0, 78.4, 54.6], [65.7, 72.3, 2.1, 30.0, 81.4, 58.9], [67.8, 75.7, 9.7, 26.7, 82.9, 60.3], [71.5, 86.1, 25.0, 21.5, 84.2, 63.2], [72.1, 86.2, 2.4, 20.0, 87.2, 63.3], [68.9, 76.3, 5.0, 23.4, 84.9, 61.9], [65.9, 83.1, 13.3, 31.9, 87.3, 56.4], [70.7, 82.5, 16.2, 28.1, 88.0, 62.9], [71.2, 85.0, 8.3, 20.0, 88.2, 62.7], [72.7, 90.0, 7.4, 4.5, 89.7, 58.9], [65.9, 80.7, null, 10.0, 82.9, 55.7], [68.9, 79.0, 6.3, 2.9, 85.4, 61.5], [66.6, 76.0, null, null, 85.0, 58.1], [70.3, 82.0, 4.3, 44.4, 86.5, 63.9], [63.7, 83.5, null, 11.2, 74.3, 56.3], [68.8, 82.3, null, 19.8, 86.0, 58.3], [69.8, 83.5, 1.5, 37.8, 85.1, 61.1], [68.9, 83.2, 8.3, 46.7, 84.3, 58.2], [67.8, 78.1, 2.9, 17.5, 85.4, 60.9], [67.3, 79.3, null, 9.7, 88.6, 61.6], [70.5, 79.7, 2.6, 52.1, 87.3, 63.2], [69.1, 77.5, 3.7, 39.0, 86.5, 61.7], [69.4, 81.9, 12.5, 37.0, 84.0, 62.5], [66.4, 67.4, 6.3, 13.3, 82.6, 63.2], [71.6, 82.8, null, 12.5, 77.8, 66.4], [68.5, 77.5, null, 30.0, 83.4, 61.1], [65.7, 72.7, 7.7, 23.5, 84.5, 59.9], [72.0, 87.1, 6.7, 18.4, 82.4, 63.0], [74.0, 82.4, null, 15.0, 83.8, 63.9], [72.7, 82.5, 17.4, 18.9, 83.9, 61.9], [65.6, 85.5, 20.8, 21.9, 70.3, 57.1], [64.9, 73.5, null, 21.9, 79.1, 56.9], [73.2, 79.5, null, 5.3, 85.1, 64.5], [72.7, 83.8, 7.6, 37.5, 82.6, 64.0], [77.6, 84.6, null, 70.0, 88.3, 67.3], [71.9, 76.9, 9.5, 14.5, 85.5, 62.1], [72.5, 80.2, 18.8, 9.4, 81.3, 65.1], [69.4, 82.5, 2.5, 60.0, 85.2, 60.8], [65.3, 77.7, 3.1, 9.9, 79.2, 53.1], [73.2, 83.7, 4.3, 35.3, 84.6, 62.6], [73.1, 83.5, null, 14.9, 86.4, 63.2]];

var RAW_AS=[[24.1, 238.9, 8.8, 54.0, 106.3, 14.7], [27.0, 230.0, 6.9, 48.7, 134.6, 15.8], [27.5, 232.7, 12.7, 67.0, 114.2, 16.2], [26.7, 213.4, null, 32.4, 116.0, 17.1], [21.6, 268.8, 7.4, 34.8, 98.8, 13.6], [27.4, 283.4, 8.9, 65.7, 113.3, 16.0], [25.5, 231.8, 28.7, null, 74.1, 15.3], [24.1, 280.4, 10.2, 69.8, 102.8, 15.4], [23.4, 310.1, 7.3, 68.4, 109.2, 14.2], [24.0, 256.6, 4.8, 78.0, 111.3, 14.3], [24.8, 269.7, 8.2, 80.7, 97.8, 15.3], [24.5, 248.3, 7.8, 65.7, 125.0, 15.0], [22.7, 279.4, 7.0, 93.7, 133.2, 14.3], [19.0, 161.5, 11.4, 31.4, 109.9, 12.5], [20.2, 212.9, 19.3, 46.4, 138.2, 13.1], [25.7, 260.2, 9.2, 80.8, 93.9, 16.5], [26.5, 335.7, 9.8, 62.0, 176.7, 13.8], [26.5, 244.6, null, 59.2, 143.1, 15.7], [23.3, 183.0, 4.5, 8.9, 112.8, 14.8], [26.2, 242.0, 6.0, 17.0, 107.1, 15.9], [21.9, 261.4, 9.3, 57.6, 78.8, 14.2], [21.5, 252.2, null, 61.5, 89.3, 14.3], [23.4, 221.3, 5.9, 57.2, 106.1, 13.9], [19.8, 196.8, 16.0, 52.6, 90.1, 12.4], [23.9, 268.1, 5.0, 46.2, 87.1, 13.7], [21.0, 205.6, 12.3, 97.3, 141.6, 14.0], [22.5, 205.9, 5.7, 44.0, 112.3, 16.2], [22.1, 190.6, 6.9, 74.8, 112.5, 14.4], [23.3, 205.3, 6.0, 61.4, 111.3, 15.1], [23.6, 237.4, 7.7, 61.6, 78.6, 15.8], [24.0, 244.8, 10.8, 52.7, 82.2, 17.4], [25.1, 225.1, null, 80.0, 95.6, 16.3], [24.8, 206.3, null, 41.0, 90.0, 15.3], [23.1, 188.4, 7.1, 99.1, 92.4, 15.8], [26.4, 278.2, 36.5, 54.7, 105.2, 15.6], [33.0, 358.7, null, 31.5, 108.7, 16.2], [31.9, 298.1, 9.9, 59.1, 85.3, 16.5], [25.0, 251.5, 7.9, 41.1, 128.0, 15.3], [25.9, 315.3, 10.8, 31.9, 84.8, 15.6], [36.5, 248.2, null, 21.8, 124.5, 19.3], [28.6, 259.9, 3.7, 49.0, 98.0, 16.3], [34.6, 281.6, null, 95.6, 86.2, 17.1], [32.5, 349.8, 6.4, 51.3, 85.8, 16.0], [32.4, 268.3, 9.9, 40.4, 100.8, 17.9], [26.8, 405.5, 8.0, 70.7, 75.2, 16.5], [30.1, 335.8, 5.1, 95.7, 85.0, 14.9], [34.3, 314.4, 8.4, 473.3, 84.6, 17.7], [25.5, 223.4, null, 77.0, 103.0, 13.7]];

var RAW_INP=[[1128261.0, 253557.0, 186.0, 847.0, 225306.0, 648365.0], [67516.0, 15581.0, 2.0, 17.0, 14893.0, 37022.0], [11734.0, 3257.0, 2.0, 9.0, 1961.0, 6504.0], [11281.0, 2936.0, null, 5.0, 1522.0, 6818.0], [18386.0, 4630.0, 4.0, 4.0, 2741.0, 11006.0], [10245.0, 3140.0, 2.0, 6.0, 1464.0, 5633.0], [10248.0, 2789.0, 1.0, null, 1787.0, 5670.0], [15620.0, 3830.0, 2.0, 9.0, 2315.0, 9463.0], [21856.0, 5192.0, 2.0, 20.0, 4060.0, 12582.0], [15516.0, 3745.0, 4.0, 9.0, 3026.0, 8732.0], [18059.0, 4281.0, 15.0, 14.0, 3221.0, 10527.0], [50087.0, 11369.0, 5.0, 31.0, 9534.0, 29149.0], [45609.0, 9145.0, 8.0, 18.0, 9070.0, 27369.0], [94230.0, 16705.0, 32.0, 105.0, 18529.0, 58859.0], [58564.0, 10761.0, 22.0, 43.0, 11273.0, 36464.0], [19446.0, 5049.0, 3.0, 7.0, 2626.0, 11762.0], [11355.0, 2648.0, 3.0, 2.0, 3127.0, 5575.0], [12077.0, 2892.0, null, 5.0, 2408.0, 6772.0], [7586.0, 1673.0, 1.0, 2.0, 1349.0, 4561.0], [7433.0, 1651.0, 0.0, 1.0, 1593.0, 4188.0], [18098.0, 4456.0, 8.0, 21.0, 2470.0, 11143.0], [13545.0, 3152.0, null, 11.0, 1757.0, 8625.0], [26942.0, 4862.0, 3.0, 17.0, 7188.0, 14873.0], [50750.0, 10010.0, 5.0, 44.0, 10623.0, 30068.0], [14474.0, 3792.0, 4.0, 8.0, 2919.0, 7750.0], [10413.0, 1728.0, 1.0, 9.0, 2056.0, 6619.0], [23778.0, 4280.0, 1.0, 14.0, 3054.0, 16429.0], [80854.0, 13900.0, 4.0, 142.0, 16919.0, 49889.0], [48725.0, 8590.0, 5.0, 41.0, 10444.0, 29646.0], [12009.0, 2293.0, 4.0, 11.0, 2176.0, 7525.0], [8897.0, 1339.0, 3.0, 3.0, 1436.0, 6117.0], [6316.0, 1274.0, null, 1.0, 1215.0, 3826.0], [7259.0, 1707.0, 0.0, 3.0, 1384.0, 4165.0], [19100.0, 3747.0, 2.0, 24.0, 2991.0, 12337.0], [28733.0, 7157.0, 2.0, 17.0, 5589.0, 15968.0], [18806.0, 4779.0, null, 4.0, 5746.0, 8277.0], [10102.0, 2889.0, 5.0, 7.0, 2608.0, 4592.0], [9965.0, 2754.0, 6.0, 5.0, 1397.0, 5802.0], [14110.0, 2986.0, 2.0, 7.0, 3268.0, 7847.0], [12066.0, 2678.0, null, 6.0, 3665.0, 5717.0], [64296.0, 17058.0, 5.0, 62.0, 13592.0, 33580.0], [11575.0, 3347.0, null, 14.0, 3211.0, 5003.0], [18930.0, 5806.0, 4.0, 15.0, 4800.0, 8306.0], [24813.0, 6951.0, 9.0, 7.0, 5430.0, 12417.0], [15027.0, 4316.0, 1.0, 7.0, 1960.0, 8743.0], [12496.0, 4539.0, 1.0, 9.0, 2250.0, 5697.0], [24455.0, 7570.0, 2.0, 23.0, 5509.0, 11351.0], [14882.0, 4321.0, null, 10.0, 3152.0, 7399.0]];

var RAW_OUT=[[1222669.0, 58078.0, 1164591.0], [66040.0, 3820.0, 62220.0], [12644.0, 1002.0, 11642.0], [10854.0, 947.0, 9908.0], [19306.0, 1329.0, 17977.0], [10567.0, 518.0, 10049.0], [11147.0, 1319.0, 9827.0], [18182.0, 1206.0, 16976.0], [27418.0, 1172.0, 26246.0], [19440.0, 1252.0, 18188.0], [18586.0, 987.0, 17599.0], [60876.0, 2770.0, 58106.0], [57643.0, 1466.0, 56177.0], [124405.0, 3030.0, 121375.0], [68094.0, 2118.0, 65977.0], [21364.0, 1049.0, 20315.0], [12892.0, 674.0, 12218.0], [13541.0, 609.0, 12932.0], [9969.0, 520.0, 9449.0], [8642.0, 538.0, 8105.0], [24092.0, 722.0, 23371.0], [18141.0, 843.0, 17298.0], [29880.0, 1445.0, 28435.0], [64273.0, 2405.0, 61868.0], [15355.0, 1012.0, 14344.0], [12761.0, 399.0, 12362.0], [27588.0, 485.0, 27103.0], [80003.0, 2491.0, 77512.0], [49888.0, 1569.0, 48319.0], [14345.0, 156.0, 14188.0], [10768.0, 410.0, 10357.0], [6183.0, 226.0, 5957.0], [7009.0, 447.0, 6563.0], [23685.0, 1150.0, 22536.0], [27991.0, 1946.0, 26045.0], [13634.0, 986.0, 12648.0], [10557.0, 573.0, 9984.0], [12911.0, 1016.0, 11894.0], [16860.0, 677.0, 16182.0], [11199.0, 492.0, 10707.0], [51723.0, 3563.0, 48160.0], [9327.0, 694.0, 8633.0], [14486.0, 1133.0, 13354.0], [18471.0, 1879.0, 16591.0], [14564.0, 1153.0, 13411.0], [11888.0, 931.0, 10956.0], [19842.0, 1696.0, 18146.0], [13631.0, 1253.0, 12379.0]];
